[BASIC]
[BASIC:PARAMS]
[BASIC:NETWORK]
beginTraining=0
connectionLimit=0
contextTargetOffset=0,0,0
contextTargetSize=0,0,0
endTraining=2
hasContext=f
inputCount=8
layerCounts=4,6,9
layerFeedCounts=4,5,8
layerContextCount=0,0,0
layerIndex=0,4,10
output=0,0,0,0,0,0,0,0,0,1,0,0,0,0,0,0,0,0,1
outputCount=4
weightIndex=0,24,69
weights=0.940216766375415,16.0168557529219,-6.05843144291359,2.20595317756344,-3.8953572135754,-3.79028041903007,-16.2296129388023,2.9885337380517,-0.983026450396246,4.00870835806169,6.53172885064527,1.51850615666995,5.8410745921595,0.4526776602194,-10.7002202059499,-6.12193496822816,14.8153209327192,-1.63390988422659,1.6944541639385,-4.22876564221764,-9.02508702982819,14.3857969619111,-1.17204002481201,0.269316472805793,-1.32846343799547,1.44768242035183,14.1227869044826,-12.4476507359551,-2.70277558862753,4.7016327323658,-1.53476647606678,0.385244593648463,-1.77850458857521,-13.235117183656,12.3664915710262,-0.899444206769171,1.36561579122536,0.00755858074447421,0.156263762478065,2.76787139552951,-3.23286627181975,0.189354296158305,2.88839918433105,-4.26830514445862,0.282329929798958,2.20470648118097,8.26065914604138,-8.19503973245912,6.57373108315998,-6.33012166272626,-0.534873177198701,-1.33392553580067,0.274151418110573,-1.50013071105946,2.79345226498745,3.42486715911528,-3.39015455283485,-12.5982669138336,11.2347438747329,0.305383010513079,1.80735151719202,-1.67874169660713,-3.45333631023587,4.38355180687866,-11.2938246974324,11.9127271295016,0.922926040348813,-1.26686129444036,-1.0312841023402
biasActivation=0,1,1
[BASIC:ACTIVATION]
"ActivationSigmoid"
"ActivationSigmoid"
"ActivationSigmoid"
