[BASIC]
[BASIC:PARAMS]
[BASIC:NETWORK]
beginTraining=0
connectionLimit=0
contextTargetOffset=0,0,0
contextTargetSize=0,0,0
endTraining=2
hasContext=f
inputCount=8
layerCounts=4,6,9
layerFeedCounts=4,5,8
layerContextCount=0,0,0
layerIndex=0,4,10
output=0,0,0,0,0,0,0,0,0,1,0,0,0,0,0,0,0,0,1
outputCount=4
weightIndex=0,24,69
weights=19.5698005545106,0.52421188667982,-8.41304884914606,-7.55002173535522,0.351870919070416,-1.71320150195826,-2.8359707133559,-0.565750696761335,-3.11480610073964,-1.61396614728376,20.667266454608,-4.90018597813932,2.15552533936919,-0.67099668783323,-11.5958494510638,19.4205402645383,-0.250207345254385,-3.9208823145508,-2.98229208679906,20.8217415585478,-3.10843870410957,-1.80954259017074,-1.14841028792541,-4.39562595021683,-15.5002635826587,14.9536622562364,0.26816212377989,-0.638314645151694,0.110058284024228,0.773082926967017,0.370779275579895,-0.588916070014393,0.107502681742895,-0.825977014851175,0.270912668764466,-0.385578375092042,0.0552491589829289,0.305568041327391,-0.103519517660257,-18.1329025712147,17.6992224466077,0.455885927296429,2.77378162949014,-4.07042200428038,0.441963703140236,-1.053044496177,10.1375349159585,-7.78704593759575,0.684937509202403,-1.89454021513615,0.699802001150789,2.5192297972694,-3.0108403469792,0.178043921315717,-0.54074295348145,-14.2114022389914,15.0976316721965,0.0453698424719361,-0.792956463446962,0.458858362454222,-0.729739302409434,0.220534085778983,-18.0383238968522,17.7597309050192,0.502672516551153,0.0763009330633531,-0.189368393646644,-0.103857954509216,0.0596343678266611
biasActivation=0,1,1
[BASIC:ACTIVATION]
"ActivationSigmoid"
"ActivationSigmoid"
"ActivationSigmoid"
