[BASIC]
[BASIC:PARAMS]
[BASIC:NETWORK]
beginTraining=0
connectionLimit=0
contextTargetOffset=0,0,0
contextTargetSize=0,0,0
endTraining=2
hasContext=f
inputCount=8
layerCounts=4,6,9
layerFeedCounts=4,5,8
layerContextCount=0,0,0
layerIndex=0,4,10
output=0,0,0,0,0,0,0,0,0,1,0,0,0,0,0,0,0,0,1
outputCount=4
weightIndex=0,24,69
weights=0.670472534213006,-0.887517920230328,-0.319503893624733,21.145579011733,-4.60953006484815,-5.15563325651085,0.274656039820589,21.132618989307,-1.11986551806316,-0.0607454274215649,-4.28919190358021,-5.14404695327258,-0.867901133078282,-0.0548387670025995,21.2782585202298,-0.582051853797344,-4.4388449433575,-4.76339436729597,21.1308607464076,-0.305659795857008,-0.509338573218162,-1.55618863852567,-3.71544457576877,-4.77359002903983,-0.591582349011953,0.578019722043923,-0.111447246797607,-0.0543697519952714,-0.222899418535035,0.25233175563247,-17.7698206211535,17.6718523285382,-0.0151794186275621,-0.0767525149494525,-0.0475495126960269,-17.7664412439312,17.5928511521971,-0.400408364127754,0.242766991145694,0.111378118725199,-0.0866168909681528,0.15094850687892,-0.243317942286339,0.154343351770569,-0.00808392660714682,-0.0784421193867218,-17.9444848073262,17.6657096825155,-0.366218941209106,0.434016372672845,0.134322985002747,-17.4013947261756,17.2328176659128,-0.31328696879511,0.26698275732473,-0.0354059166893017,0.217644376964445,0.255333742836418,-0.146990672610259,-0.134224548081431,4.97390428529593,1.55079177873013,3.88377215443897,1.81747472349282,4.30722011425356,1.84170396168675,3.03066753564182,2.49750183610619,4.32138291703296
biasActivation=0,1,1
[BASIC:ACTIVATION]
"ActivationSigmoid"
"ActivationSigmoid"
"ActivationSigmoid"
