[BASIC]
[BASIC:PARAMS]
[BASIC:NETWORK]
beginTraining=0
connectionLimit=0
contextTargetOffset=0,0,0
contextTargetSize=0,0,0
endTraining=2
hasContext=f
inputCount=8
layerCounts=4,6,9
layerFeedCounts=4,5,8
layerContextCount=0,0,0
layerIndex=0,4,10
output=0,0,0,0,0,0,0,0,0,1,0,0,0,0,0,0,0,0,1
outputCount=4
weightIndex=0,24,69
weights=20.9823956840726,-2.93665700664329,-0.824893982574862,0.967448284574976,-3.3297041143404,-6.53391054630844,-3.06514004058573,-4.11242431114137,-1.42334664390805,21.190538161673,-0.0073748801151076,-4.88743465994418,-2.63829932034724,0.806354400440616,16.4862591409752,0.727273771920313,-15.341134307541,0.0589099079802803,-0.66444525500811,-19.3991963533038,9.13666600250383,-3.54586424742643,9.48970130303011,2.82406771396194,-16.5966776151606,16.025587781058,0.464384831876847,-0.571086971863992,0.812929842209335,-0.581217608215147,0.749038373280815,-0.306430233183387,-0.242115745347827,0.445607015847598,-0.932185537042655,1.40620247563169,-1.62103825500191,0.00115246635979586,-0.221639479478065,14.6080317765978,-13.634347876754,0.122588318408352,-0.490410548726342,-0.784478457094474,0.114432084110088,-0.794595133556094,-12.7356209233779,12.5148051400648,-3.39589830430974,4.80322080394844,0.383780632018237,-1.09861049604532,0.845094484299772,-16.8437436295181,16.84396071158,-0.440097402368555,0.373928890736601,1.44622043715458,-0.961867491527357,-0.479402043513433,0.986998289193209,-2.03643613981124,-0.238173143155453,-0.554046002830292,11.0393777467371,-10.9016481359194,-3.19961008962661,5.14637132168862,-0.119611496204178
biasActivation=0,1,1
[BASIC:ACTIVATION]
"ActivationSigmoid"
"ActivationSigmoid"
"ActivationSigmoid"
