[BASIC]
[BASIC:PARAMS]
[BASIC:NETWORK]
beginTraining=0
connectionLimit=0
contextTargetOffset=0,0,0
contextTargetSize=0,0,0
endTraining=2
hasContext=f
inputCount=8
layerCounts=4,6,9
layerFeedCounts=4,5,8
layerContextCount=0,0,0
layerIndex=0,4,10
output=0,0,0,0,0,0,0,0,0,1,0,0,0,0,0,0,0,0,1
outputCount=4
weightIndex=0,24,69
weights=6.20323438276398,-2.48004200999545,2.25782308468071,-3.02138076387553,0.555315017790927,-3.1872854782421,0.103142941833069,-1.86911452313636,0.286200062063628,-2.07881854607742,1.68849130554647,-1.92442033636928,14.0939881367745,0.290385055039273,1.93019233287973,-3.44613247484097,-4.99838955703967,-2.62812549621801,3.56649054313277,-3.00429075376207,-1.01397399104491,-1.25714563349489,3.69209917487679,-3.22418615406574,-3.42138924389317,3.03152202302364,-4.72639436845294,-1.82051427327178,-3.75120205940084,16.9634509924568,-1.9994918332355,0.804382116289735,-3.67331160219535,1.33280979111436,-2.74267693724433,0.990671037692599,-1.09445470955175,1.13925667011792,0.537343098190692,1.1375849136381,-2.47256695208338,0.72722884650426,-0.821568104740128,1.55372863028816,-0.938445196158024,0.975783672253505,-0.186640350177823,3.02184691711807,-0.0522665178808075,-1.69760362845508,-1.44583572762099,1.43135216388768,-1.64226978831289,1.48507043523752,-1.37641280008189,1.81595594715181,-3.71228166132998,1.15848633497179,-0.311199353614552,0.830160756281322,0.239791378780095,3.19067392849603,0.510844797484267,1.14762390843655,-0.0724961813568685,-4.56349953115297,-0.527897415709347,4.45173677689165,-2.1447529159304
biasActivation=0,1,1
[BASIC:ACTIVATION]
"ActivationSigmoid"
"ActivationSigmoid"
"ActivationSigmoid"
