[BASIC]
[BASIC:PARAMS]
[BASIC:NETWORK]
beginTraining=0
connectionLimit=0
contextTargetOffset=0,0,0
contextTargetSize=0,0,0
endTraining=2
hasContext=f
inputCount=8
layerCounts=4,6,9
layerFeedCounts=4,5,8
layerContextCount=0,0,0
layerIndex=0,4,10
output=0,0,0,0,0,0,0,0,0,1,0,0,0,0,0,0,0,0,1
outputCount=4
weightIndex=0,24,69
weights=0.306378077850987,1.47091003235525,20.4452438821698,-1.00920677946021,-0.843965204343563,-9.31892886067075,0.614641592495366,-12.2693506288861,1.42588694929276,-2.19479688163084,18.1100264380003,-1.88503466389007,-0.156352873268712,0.565401769213003,-0.402264840836646,20.4866534155032,2.56203145164737,-10.8638435460542,-20.2594228589141,-1.66821936772116,1.32633664075299,0.885132400547519,-0.975395559788409,8.95851567334297,-0.411801581052093,0.623738029748635,-0.212581346551647,0.0428413382804967,-0.27128498161466,0.113616008263324,18.1959611578206,-17.7657027071183,-0.511648012629209,-1.39210790512721,2.02932070372192,10.0912555019618,-8.8336413584731,-0.774180255628151,2.05354273667399,1.10947455040346,-3.79900272524253,-0.194876571044846,-17.4778176805201,17.0933984628398,-0.885504422313651,0.650703476081312,-0.321096364327168,0.244236046585881,-0.133649067274887,0.441231450920406,0.0601646640248229,-0.0713569770653305,0.130254778737778,0.708420932990562,-0.740005857495575,-16.977394854498,16.6085277620782,-0.0217109779161038,0.15448798465566,0.0101583648202746,-0.392110444268499,0.792125986681721,-14.0232656081655,14.680010286023,-1.4091420598235,2.24176882493155,0.430793016864785,-2.37812788398861,-0.102511049364256
biasActivation=0,1,1
[BASIC:ACTIVATION]
"ActivationSigmoid"
"ActivationSigmoid"
"ActivationSigmoid"
